4
1258095586
5555555
6666
2333
8
1
2
100
12303479849857341718340192371
3084193741082937
3084193741082938
111
200
10
74462379962749567351885752724891227938183011949120
33057270365759591953092186117381932611793105118548
70066063155881748815209209628292540917153643678925
4564856692346034861045432664821339360726024914127372458
6446229489549303819644288109756659334461284756482337867831652712019091
465757396241389086583264599581339047802759009
1998184590259583559892605532996737704917224549353296833
8105803603371077309182869314710171111683916581726889419758716582152128229518488472
903600113305305488204665213841469519415116094
8105803603371077309182869314710171111683916581726889419758716582152128229518488473
